10100
10200
10300
10400
10500
10600
10700
10800
10900
20100
20200
20300
20400
20500
20600
20700
20800
20900
30100
30200
30300
30400
30500
30600
30700
30800
30900
31000
31100
31200
31300
31400
31500
31600
31700
31800
31900
32000
32100
40100
40200
40300
40400
40500
40600
40700
40800
40900
41000
50100
50200
50300
50400
50500
50600
50700
50800
50900
51000
51100
51200
51300
51400
51500
60100
60200
60300
60400
60500
60600
60700
60800
60900
61000
61100
61200
61300
61400
61500
61600
61700
61800
61900
62000
62100
62200
62300
62400
62500
62600
62700
62800
62900
63000
63100
63200
63300
63400
70100
70200
70300
70400
70500
70600
70700
70800
70900
71000
71100
71200
71300
71400
71500
71600
71700
71800
71900
72000
80100
80200
80300
80400
80500
80600
80700
80800
80900
81000
81100
81200
81300
81400
81500
81600
81700
81800
81900
90100
90200
90300
100100
100200
100300
100400
100500
100600
100700
110100
110200
110300
110400
110500
120100
120200
120300
120400
130100
130200
130300
130400
130500
140100
140200
140300
140400
140500
140600
140700
140800
150100
150200
150300
150400
150500
150600
150700
150800
150900
151000
151100
151200
160100
160200
160300
160400
160500
160600
160700
160800
160900
161000
161100
161200
161300
170100
170200
170300
170400
170500
170600
170700
170800
170900
171000
171100
180100
180200
180300
190100
190200
190300
190400
190500
190600
190700
190800
190900
191000
191100
191200
191300
191400
200100
200200
200300
200400
200500
200600
210100
210200
210300
210400
210500
210600
210700
210800
210900
220100
220200
220300
220400
220500
220600
220700
220800
220900
221000
221100
221200
221300
221400
221500
221600
221700
221800
221900
222000
222100
222200
222300
222400
222500
222600
222700
222800
222900
230100
230200
230300
230400
230500
230600
230700
230800
230900
231000
231100
231200
231300
231400
231500
231600
231700
231800
240100
240200
240300
240400
240500
240600
240700
240800
240900
241000
241100
241200
241300
241400
241500
241600
241700
241800
241900
242000
242100
242200
242300
242400
242500
242600
242700
242800
242900
243000
243100
243200
243300
243400
243500
243600
250100
250200
250300
250400
250500
250600
250700
250800
250900
251000
251100
251200
251300
251400
251500
251600
251700
251800
251900
252000
252100
252200
252300
252400
260100
260200
260300
260400
260500
260600
260700
260800
260900
261000
270100
270200
270300
270400
270500
270600
270700
270800
270900
271000
271100
271200
271300
271400
271500
271600
271700
271800
271900
280100
280200
280300
280400
280500
280600
280700
280800
280900
281000
281100
281200
281300
281400
281500
281600
281700
281800
281900
282000
282100
282200
282300
282400
282500
282600
282800
282900
283000
283100
283200
283300
283400
283500
283600
283700
283800
283900
284000
284100
284200
284300
290100
290200
290300
290400
290500
290600
290700
290800
290900
291000
291100
291200
291300
291400
291500
291600
291700
291800
291900
292000
292100
292200
292300
292400
292500
292600
292700
300100
300200
300300
300400
300500
300600
300700
300800
300900
301000
301100
301200
301300
301400
301500
301600
301700
301800
301900
302000
310100
310200
310300
310400
310500
310600
310700
310800
310900
311000
311100
311200
311300
311400
311500
320100
320200
320300
320400
320500
320600
330100
330200
330300
330400
330500
340100
340200
340300
340400
340500
340600
350100
350200
350300
350400
350500
350600
350700
350800
350900
351000
351100
351200
351300
351400
351500
360100
360200
360300
360400
360500
370100
370200
370300
370400
380100
380200
380300
380400
380500
380600
380700
380800
380900
381000
381100
381200
381300
381400
381500
381600
381700
381800
381900
382000
390100
390200
390300
390400
390500
390600
390700
400100
400200
400300
400400
400500
400600
400700
400800
410100
410200
410300
410400
410500
410600
410700
410800
410900
411000
411100
411200
411300
411400
420100
420200
420300
420400
420500
420600
420700
420800
420900
421000
421100
421200
430100
430200
430300
430400
430500
430600
430700
430800
430900
431000
431100
431200
431300
431400
440100
440200
440300
440400
440500
440600
440700
440800
440900
450100
450200
450300
460100
460200
460300
460400
460500
460600
460700
460800
460900
461000
470100
480100
480200
480300
480400
480500
490100
490200
490300
490400
490500
490600
490700
490800
490900
491000
491100
491200
491300
491400
500100
500200
500300
510100
510200
510300
510400
510500
520100
520200
520300
520400
520500
520600
530100
530200
530300
530400
530500
530600
540100
550100
550200
560100
560200
560300
560400
560500
560600
560700
560800
560900
561000
561100
561200
561300
570100
570200
570300
570400
570500
580100
580200
580300
580400
580500
580600
580700
580800
580900
581000
581100
590100
590200
590300
590400
590500
590600
590700
600100
600200
600300
600400
600500
600600
600700
600800
600900
601000
601100
601200
601300
601400
601500
601600
610100
610200
610300
610400
610500
610600
610700
610800
610900
611000
611100
611200
611300
611400
611500
611600
611700
611800
611900
612000
612100
612200
620100
620200
620300
620400
630100
630200
630300
630400
630500
630600
630700
630800
630900
640100
640200
640300
640400
640500
640600
640700
640800
650100
650200
650300
650400
650500
660100
660200
660300
660400
660500
660600
660700
660800
660900
661000
661100
670100
670200
670300
670400
670500
670600
670700
670800
670900
671000
671100
671200
671300
671400
671500
671600
671700
671800
671900
672000
680100
680200
680300
680400
680500
680600
680700
680800
680900
681000
681100
681200
681300
681400
690100
690200
690300
690400
690500
690600
690700
690800
690900
691000
691100
691200
691300
691400
691500
700100
700200
700300
700400
700500
710100
710200
710300
710400
710500
710600
710700
710800
710900
711000
711100
711200
711300
711400
711500
720100
720200
720300
720400
720500
720600
720700
730100
730200
730300
730400
730500
730600
730700
740100
740200
740300
740400
750100
750200
750300
750400
750500
750600
760800
760900
770600
770700
770800
770900
808100
810400
810501
811600
820800
821500
823304
840000